0.4727272689342499
0.6000000238418579
0.5636363625526428
0.800000011920929
0.7818182110786438
0.7454545497894287
0.6181818246841431
0.7818182110786438
0.6545454263687134
0.6000000238418579
0.8363636136054993
0.8181818127632141
0.6909090876579285
0.8727272748947144
0.8181818127632141
0.7454545497894287
0.8363636136054993
0.9272727370262146
0.8909090757369995
0.8545454740524292
0.9272727370262146
0.9454545378684998
0.8181818127632141
0.8181818127632141
0.800000011920929
0.800000011920929
0.7818182110786438
0.8909090757369995
1.0
0.9454545378684998
0.8363636136054993
0.9818181991577148
0.9090909361839294
0.9454545378684998
0.9454545378684998
0.8727272748947144
0.9818181991577148
0.9636363387107849
0.8545454740524292
1.0
0.9636363387107849
0.9818181991577148
0.9818181991577148
0.9636363387107849
0.9090909361839294
0.9818181991577148
1.0
0.9818181991577148
0.9636363387107849
0.9636363387107849
0.9090909361839294
0.9818181991577148
1.0
0.9818181991577148
0.9818181991577148
0.9454545378684998
0.9636363387107849
1.0
0.9818181991577148
1.0
0.9818181991577148
0.9636363387107849
0.9636363387107849
0.9818181991577148
0.9818181991577148
0.9272727370262146
0.9454545378684998
0.9636363387107849
1.0
1.0
0.9636363387107849
1.0
0.8909090757369995
1.0
1.0
1.0
1.0
1.0
0.9818181991577148
0.9636363387107849
0.9454545378684998
0.9818181991577148
0.9454545378684998
1.0
0.9454545378684998
1.0
0.9636363387107849
0.9636363387107849
1.0
1.0
1.0
1.0
1.0
0.9636363387107849
0.9636363387107849
1.0
0.9818181991577148
1.0
1.0
1.0
0.9818181991577148
0.9454545378684998
1.0
0.9454545378684998
0.9818181991577148
0.9454545378684998
0.9818181991577148
1.0
1.0
0.9818181991577148
0.9818181991577148
0.9818181991577148
1.0
0.9818181991577148
1.0
0.9818181991577148
0.9818181991577148
0.9818181991577148
1.0
0.9818181991577148
1.0
0.9818181991577148
1.0
1.0
0.9818181991577148
0.9818181991577148
1.0
0.9272727370262146
0.9818181991577148
0.9454545378684998
0.9818181991577148
0.9818181991577148
0.9272727370262146
1.0
1.0
1.0
1.0
1.0
1.0
0.9818181991577148
0.9818181991577148
0.9090909361839294
0.9818181991577148
1.0
0.9818181991577148
0.9818181991577148
1.0
1.0
1.0
0.9636363387107849
1.0
1.0
1.0
1.0
0.9636363387107849
1.0
0.9636363387107849
0.9818181991577148
0.9818181991577148
1.0
1.0
1.0
1.0
0.9818181991577148
0.9818181991577148
0.9818181991577148
1.0
0.9818181991577148
0.9818181991577148
1.0
1.0
0.9818181991577148
1.0
1.0
1.0
1.0
1.0
1.0
1.0
1.0
0.9818181991577148
1.0
1.0
1.0
0.9818181991577148
1.0
1.0
0.9818181991577148
1.0
1.0
1.0
1.0
0.9818181991577148
1.0
1.0
1.0
1.0
0.9454545378684998
0.9818181991577148
1.0
0.9272727370262146
0.7818182110786438
0.8363636136054993
0.9272727370262146
1.0
0.9636363387107849
1.0
0.9454545378684998
0.9636363387107849
0.8727272748947144
0.9818181991577148
0.8909090757369995
0.9454545378684998
0.9454545378684998
0.9636363387107849
0.9818181991577148
1.0
0.9636363387107849
0.9636363387107849
1.0
0.9636363387107849
0.9454545378684998
0.9454545378684998
1.0
0.9636363387107849
0.9818181991577148
0.9636363387107849
1.0
1.0
1.0
1.0
0.9636363387107849
1.0
1.0
1.0
1.0
1.0
1.0
0.9818181991577148
0.9818181991577148
1.0
1.0
0.9636363387107849
1.0
1.0
0.9636363387107849
0.9454545378684998
0.9818181991577148
1.0
0.9818181991577148
0.9454545378684998
1.0
1.0
1.0
0.9818181991577148
0.9818181991577148
1.0
1.0
1.0
1.0
1.0
0.9636363387107849
1.0
1.0
0.9272727370262146
1.0
1.0
1.0
1.0
1.0
0.9818181991577148
0.9636363387107849
1.0
1.0
1.0
1.0
1.0
1.0
1.0
0.9818181991577148
1.0
1.0
1.0
1.0
0.9818181991577148
1.0
1.0
1.0
1.0
1.0
1.0
1.0
1.0
1.0
1.0
1.0
1.0
1.0
1.0
1.0
1.0
0.8545454740524292
0.9454545378684998
0.9454545378684998
0.9636363387107849
0.9818181991577148
0.9636363387107849
1.0
0.9272727370262146
0.9090909361839294
1.0
0.9636363387107849
0.9454545378684998
1.0
0.9272727370262146
1.0
1.0
0.9818181991577148
0.9818181991577148
0.9090909361839294
0.9636363387107849
1.0
1.0
0.9818181991577148
1.0
0.9636363387107849
1.0
0.9818181991577148
1.0
0.9636363387107849
0.9454545378684998
0.9636363387107849
0.9818181991577148
0.9818181991577148
0.9636363387107849
0.9272727370262146
0.9636363387107849
0.9818181991577148
0.9818181991577148
1.0
1.0
0.9818181991577148
1.0
0.9818181991577148
0.9818181991577148
1.0
1.0
1.0
1.0
0.9636363387107849
1.0
1.0
1.0
1.0
0.9818181991577148
0.9818181991577148
0.9818181991577148
0.9818181991577148
1.0
0.9818181991577148
0.9818181991577148
0.9818181991577148
0.9818181991577148
1.0
0.9818181991577148
0.9818181991577148
0.9090909361839294
1.0
1.0
0.9818181991577148
1.0
0.9818181991577148
0.9818181991577148
1.0
0.9454545378684998
0.9454545378684998
0.8363636136054993
1.0
1.0
1.0
1.0
1.0
1.0
1.0
1.0
0.9454545378684998
0.9272727370262146
0.9818181991577148
1.0
0.9818181991577148
0.9454545378684998
0.9272727370262146
1.0
1.0
1.0
1.0
1.0
1.0
1.0
1.0
0.7636363506317139
0.7636363506317139
0.7818182110786438
0.7818182110786438
0.5454545617103577
0.8181818127632141
0.7818182110786438
0.7818182110786438
0.8181818127632141
0.6727272868156433
0.8363636136054993
0.6727272868156433
0.8363636136054993
0.9090909361839294
0.9090909361839294
0.8545454740524292
0.8181818127632141
0.8909090757369995
0.8727272748947144
0.8909090757369995
0.9454545378684998
0.9636363387107849
0.9090909361839294
0.8545454740524292
0.9090909361839294
0.8909090757369995
0.9636363387107849
0.8909090757369995
0.8909090757369995
0.8181818127632141
0.9272727370262146
0.9636363387107849
0.9454545378684998
0.9454545378684998
0.8727272748947144
0.9636363387107849
0.9454545378684998
0.8909090757369995
0.9636363387107849
0.8363636136054993
0.8727272748947144
0.9272727370262146
0.9636363387107849
0.9454545378684998
0.9454545378684998
0.9818181991577148
0.9818181991577148
0.9636363387107849
0.9090909361839294
0.9454545378684998
0.9636363387107849
0.9636363387107849
0.9272727370262146
1.0
0.9636363387107849
0.9818181991577148
0.9636363387107849
0.8363636136054993
0.8727272748947144
0.8727272748947144
0.9636363387107849
1.0
0.8727272748947144
1.0
0.9636363387107849
0.9818181991577148
0.9272727370262146
0.9636363387107849
0.9454545378684998
1.0
0.9818181991577148
0.9272727370262146
0.9454545378684998
0.9090909361839294
1.0
0.9636363387107849
0.9636363387107849
0.9636363387107849
0.9636363387107849
0.9636363387107849
0.9818181991577148
0.9818181991577148
1.0
0.9818181991577148
0.9818181991577148
0.9818181991577148
0.9636363387107849
1.0
0.9818181991577148
1.0
0.9818181991577148
0.9454545378684998
0.9818181991577148
0.9636363387107849
1.0
0.9090909361839294
0.9818181991577148
0.9454545378684998
1.0
1.0
0.7636363506317139
0.8181818127632141
0.8727272748947144
1.0
0.8727272748947144
0.7272727489471436
0.800000011920929
0.8363636136054993
0.9090909361839294
0.8727272748947144
0.7454545497894287
0.8545454740524292
0.7090908885002136
1.0
0.9636363387107849
0.8909090757369995
0.800000011920929
0.8545454740524292
0.8363636136054993
1.0
0.9272727370262146
0.8181818127632141
0.9272727370262146
0.8909090757369995
0.9454545378684998
0.9090909361839294
0.9636363387107849
0.9818181991577148
0.9272727370262146
0.9272727370262146
0.9636363387107849
1.0
0.9090909361839294
0.9454545378684998
0.9636363387107849
0.9272727370262146
0.9454545378684998
0.8727272748947144
1.0
0.9636363387107849
0.9090909361839294
0.9454545378684998
1.0
0.9454545378684998
1.0
1.0
0.9818181991577148
0.9272727370262146
0.9818181991577148
0.9818181991577148
0.9454545378684998
0.9818181991577148
0.9818181991577148
1.0
0.9818181991577148
0.9636363387107849
0.9272727370262146
0.9818181991577148
0.9454545378684998
1.0
0.9636363387107849
0.9636363387107849
1.0
1.0
0.9818181991577148
0.9090909361839294
1.0
0.9818181991577148
0.9818181991577148
0.9818181991577148
0.9818181991577148
0.9636363387107849
0.9818181991577148
0.9818181991577148
1.0
1.0
0.9818181991577148
0.9636363387107849
0.9818181991577148
1.0
0.9818181991577148
1.0
0.9818181991577148
0.9818181991577148
1.0
1.0
0.9818181991577148
0.9818181991577148
1.0
1.0
0.9818181991577148
0.9454545378684998
1.0
0.9818181991577148
1.0
0.9818181991577148
0.9818181991577148
0.9818181991577148
0.9818181991577148
1.0
0.8181818127632141
0.8181818127632141
0.7454545497894287
0.8909090757369995
0.7454545497894287
0.8727272748947144
0.8363636136054993
0.9818181991577148
0.9636363387107849
0.9636363387107849
0.9818181991577148
1.0
0.9272727370262146
0.9636363387107849
0.9636363387107849
0.9818181991577148
1.0
0.9636363387107849
0.9818181991577148
0.9636363387107849
1.0
1.0
0.9636363387107849
0.9818181991577148
0.9454545378684998
1.0
1.0
1.0
1.0
1.0
1.0
1.0
1.0
1.0
0.9818181991577148
1.0
0.9818181991577148
0.9818181991577148
1.0
0.9636363387107849
1.0
0.9818181991577148
1.0
1.0
1.0
1.0
0.9818181991577148
1.0
0.9818181991577148
0.9818181991577148
1.0
1.0
1.0
0.9818181991577148
0.9636363387107849
1.0
1.0
1.0
1.0
1.0
1.0
1.0
1.0
1.0
0.9818181991577148
1.0
1.0
0.9818181991577148
1.0
1.0
1.0
1.0
0.9818181991577148
0.9818181991577148
1.0
1.0
1.0
1.0
1.0
0.9636363387107849
1.0
1.0
1.0
1.0
1.0
0.9636363387107849
1.0
1.0
0.9818181991577148
1.0
0.9818181991577148
1.0
1.0
1.0
1.0
0.9818181991577148
1.0
1.0
1.0
1.0
0.9454545378684998
0.8727272748947144
0.7454545497894287
0.7454545497894287
0.9090909361839294
0.7636363506317139
0.8363636136054993
0.9272727370262146
0.8545454740524292
0.9272727370262146
0.9090909361839294
0.9272727370262146
0.9818181991577148
1.0
0.7636363506317139
0.9636363387107849
0.8909090757369995
0.9454545378684998
0.9272727370262146
0.9272727370262146
0.9636363387107849
0.9636363387107849
0.9090909361839294
0.9272727370262146
0.9454545378684998
0.8909090757369995
0.9454545378684998
0.9636363387107849
0.8727272748947144
0.9818181991577148
0.9454545378684998
0.9090909361839294
1.0
1.0
0.9818181991577148
0.9090909361839294
1.0
1.0
1.0
0.9818181991577148
0.9636363387107849
0.9636363387107849
0.9636363387107849
0.9636363387107849
0.9272727370262146
0.9818181991577148
1.0
1.0
0.9818181991577148
0.9636363387107849
1.0
0.9818181991577148
0.9818181991577148
0.9636363387107849
1.0
1.0
0.9818181991577148
0.9818181991577148
1.0
1.0
0.9818181991577148
0.9818181991577148
1.0
1.0
1.0
1.0
1.0
0.9818181991577148
1.0
1.0
0.9636363387107849
0.9818181991577148
0.9636363387107849
1.0
1.0
1.0
0.9818181991577148
1.0
0.9818181991577148
1.0
0.9636363387107849
1.0
1.0
1.0
1.0
1.0
0.9636363387107849
1.0
0.9818181991577148
1.0
0.9818181991577148
0.9636363387107849
0.9818181991577148
1.0
1.0
0.9818181991577148
1.0
0.9818181991577148
1.0
1.0
0.9272727370262146
0.6909090876579285
0.800000011920929
0.7090908885002136
0.8545454740524292
0.8545454740524292
0.8727272748947144
0.9272727370262146
0.8909090757369995
0.9636363387107849
0.9454545378684998
0.9090909361839294
0.9090909361839294
0.8909090757369995
0.9818181991577148
0.9090909361839294
0.8181818127632141
0.9636363387107849
0.9454545378684998
0.9818181991577148
0.8727272748947144
0.9818181991577148
0.9636363387107849
0.9454545378684998
1.0
0.9454545378684998
0.9636363387107849
1.0
0.8909090757369995
0.9818181991577148
0.9454545378684998
0.9636363387107849
1.0
1.0
0.9636363387107849
0.9454545378684998
0.9090909361839294
0.9636363387107849
0.9272727370262146
1.0
0.9454545378684998
0.9818181991577148
0.9636363387107849
0.9636363387107849
1.0
0.9454545378684998
0.9090909361839294
0.9636363387107849
0.9636363387107849
0.9454545378684998
1.0
0.9818181991577148
1.0
1.0
1.0
0.9818181991577148
0.9636363387107849
0.9272727370262146
0.9636363387107849
0.9818181991577148
1.0
1.0
1.0
1.0
1.0
1.0
1.0
1.0
1.0
1.0
0.9636363387107849
1.0
0.9818181991577148
0.9818181991577148
1.0
0.9818181991577148
0.9818181991577148
0.9636363387107849
0.9818181991577148
0.9818181991577148
0.9636363387107849
0.9636363387107849
0.9818181991577148
1.0
1.0
0.9454545378684998
1.0
1.0
1.0
0.9818181991577148
1.0
0.9636363387107849
0.9818181991577148
1.0
0.9636363387107849
1.0
1.0
0.9818181991577148
1.0
0.9818181991577148
0.8545454740524292
0.8727272748947144
0.8545454740524292
0.9454545378684998
0.9272727370262146
0.8909090757369995
0.8181818127632141
0.9090909361839294
0.8727272748947144
1.0
0.9818181991577148
0.9272727370262146
1.0
0.9090909361839294
0.9090909361839294
0.9272727370262146
0.9636363387107849
0.9272727370262146
0.9636363387107849
0.9272727370262146
0.9636363387107849
0.9636363387107849
0.9272727370262146
1.0
0.9818181991577148
1.0
0.9454545378684998
0.9818181991577148
0.9818181991577148
1.0
0.9636363387107849
1.0
1.0
1.0
1.0
0.9454545378684998
0.9090909361839294
1.0
1.0
0.9636363387107849
0.9636363387107849
1.0
1.0
1.0
1.0
1.0
0.9454545378684998
1.0
1.0
1.0
1.0
0.9272727370262146
1.0
1.0
1.0
1.0
0.9818181991577148
1.0
1.0
1.0
1.0
0.9818181991577148
1.0
1.0
0.9818181991577148
0.9818181991577148
1.0
1.0
1.0
0.9636363387107849
1.0
1.0
1.0
1.0
0.9818181991577148
1.0
1.0
0.9636363387107849
1.0
0.9818181991577148
0.9818181991577148
1.0
1.0
1.0
1.0
1.0
1.0
1.0
0.9818181991577148
0.9818181991577148
1.0
0.9818181991577148
1.0
1.0
1.0
1.0
1.0
1.0
1.0
0.9818181991577148
