13.831352233886719
3.3220160007476807
3.956585168838501
0.8689734935760498
1.449423909187317
2.3376848697662354
4.778832912445068
2.3538730144500732
2.7725884914398193
6.385212421417236
0.8175826072692871
1.1140564680099487
1.923827886581421
0.5040737986564636
1.4100488424301147
1.2150239944458008
0.2754177451133728
1.4164108037948608
0.5670603513717651
0.41750237345695496
0.27748042345046997
0.43692657351493835
0.7269007563591003
0.9315258264541626
0.8837195634841919
0.8377380967140198
0.8621029853820801
0.6202232837677002
0.001781524159014225
0.23529596626758575
0.40436846017837524
0.06221182271838188
0.523806631565094
0.2075544148683548
0.11135432869195938
0.36364611983299255
0.040919575840234756
0.122952401638031
0.6699371933937073
0.008339233696460724
0.11469586193561554
0.044866111129522324
0.038060322403907776
0.08655387163162231
0.24074651300907135
0.07217008620500565
0.01713351160287857
0.030496036633849144
0.18003427982330322
0.07014156132936478
0.3465099036693573
0.03092365339398384
0.009035291150212288
0.06731227785348892
0.05490628629922867
0.0909130722284317
0.08651936799287796
0.02337413839995861
0.023189937695860863
0.03096737712621689
0.07739067822694778
0.1255764663219452
0.17777113616466522
0.044133104383945465
0.057523373514413834
0.311805784702301
0.28953883051872253
0.27452144026756287
0.013786633498966694
0.0032453257590532303
0.17127305269241333
0.008207070641219616
0.18866384029388428
0.02697339467704296
0.016653701663017273
0.007137301377952099
0.015763595700263977
0.023723922669887543
0.02540239505469799
0.05056603252887726
0.11089471727609634
0.049051132053136826
0.19323374330997467
0.0003419033600948751
0.12598687410354614
0.0005538396653719246
0.06521362066268921
0.07084684073925018
0.0003699223743751645
0.016539480537176132
0.003491232404485345
0.00021094827388878912
0.0033451379276812077
0.07195339351892471
0.07869100570678711
0.006975097581744194
0.045136045664548874
0.0003934117266908288
0.0011571181239560246
0.002391745336353779
0.04379378259181976
0.3413625657558441
0.0043550110422074795
0.14109641313552856
0.025670239701867104
0.24465462565422058
0.053284142166376114
0.005775081925094128
0.010279602371156216
0.04875650256872177
0.09526150673627853
0.12799899280071259
0.012042198330163956
0.031165486201643944
0.000223253620788455
0.017669403925538063
0.059132836759090424
0.0964648574590683
0.004288242664188147
0.07683230191469193
0.005190386436879635
0.03197672963142395
0.012269377708435059
0.00352926435880363
0.07538947463035583
0.027331775054335594
0.00853946153074503
0.3404596149921417
0.03461744263768196
0.1928277462720871
0.04706571251153946
0.020952384918928146
0.17380648851394653
0.0031436339486390352
0.004389153327792883
0.002539424691349268
0.012155751697719097
0.001113533042371273
0.0061585428193211555
0.04093436151742935
0.07224475592374802
0.4611711800098419
0.03146497905254364
0.001524964114651084
0.1843317151069641
0.03956061229109764
0.0006833826773799956
0.0014414784964174032
0.004770111292600632
0.07183640450239182
0.008702065795660019
0.005907896440476179
0.0038128269370645285
8.793711458565667e-05
0.11952324956655502
0.004384217318147421
0.12811891734600067
0.07855616509914398
0.024448486045002937
0.0022711053024977446
0.002892350312322378
0.003955078776925802
0.015663715079426765
0.016078025102615356
0.022147640585899353
0.11009073257446289
0.006251247134059668
0.03334526717662811
0.027410663664340973
0.0016410257667303085
0.005279156845062971
0.03501671925187111
0.015258622355759144
0.0005584342870861292
0.0048858122900128365
0.00597198773175478
0.00048735301243141294
0.0005568569176830351
0.0009035256807692349
0.0009628432453610003
0.045020706951618195
0.0005413024337030947
0.009137890301644802
0.00019219321256969124
0.027700744569301605
0.00038762978510931134
0.0006813654908910394
0.03639904037117958
0.006018504966050386
0.003366040298715234
0.001162323635071516
0.011416013352572918
0.021050404757261276
0.0021819276735186577
0.0019572321325540543
0.0018536994466558099
0.0001731264783302322
0.07461303472518921
0.01808588020503521
0.0030964871402829885
0.28079238533973694
0.6698685884475708
0.6307615041732788
0.26834478974342346
0.07005207240581512
0.07171687483787537
0.034925032407045364
0.15133649110794067
0.0928366556763649
0.2626956105232239
0.0493633970618248
0.22700689733028412
0.0837298333644867
0.10051044821739197
0.1382981687784195
0.030007272958755493
0.03905429691076279
0.06655231863260269
0.0906236320734024
0.029540156945586205
0.1715191900730133
0.08311868458986282
0.1185406967997551
0.013898556120693684
0.06521672755479813
0.046873386949300766
0.04269055277109146
0.018883703276515007
0.002100472804158926
0.0036300576757639647
0.023353589698672295
0.10226904600858688
0.00883534736931324
0.0028474226128309965
0.006971603259444237
0.007632544729858637
0.008355250582098961
0.007737466599792242
0.023473279550671577
0.028332090005278587
0.007201983127743006
0.0008626163471490145
0.089706651866436
0.00202400260604918
0.017306862398982048
0.17684394121170044
0.12381567806005478
0.015609389171004295
0.0138142304494977
0.03050188533961773
0.11341790109872818
0.022652266547083855
0.008197828195989132
0.007178615313023329
0.04759163036942482
0.017094651237130165
0.00480258883908391
0.0012757404474541545
0.031362101435661316
0.04921849071979523
0.0025532126892358065
0.054048825055360794
0.008040199056267738
0.006321209017187357
0.0966411679983139
0.004254825413227081
0.013090343214571476
0.003790999995544553
0.009282348677515984
0.01859183982014656
0.07573916018009186
0.0739377811551094
0.005372403655201197
0.0004051543364766985
0.006040892098098993
0.0022923313081264496
0.00035519443918019533
0.0018129820236936212
0.004293624311685562
0.039918020367622375
0.001729313051328063
0.000574038946069777
0.00305389822460711
0.0007535757031291723
0.017795924097299576
0.007849681191146374
0.003642529482021928
0.008608423173427582
0.006378393154591322
0.0025949650444090366
0.0006417317781597376
0.009773549623787403
0.013676405884325504
0.008053033612668514
0.011838582344353199
0.013529770076274872
0.003306946251541376
0.008477169089019299
0.00045139461872167885
0.006872563622891903
0.01977643556892872
1.0780497789382935
0.1357952505350113
0.3126499652862549
0.15171751379966736
0.04523294046521187
0.10999861359596252
0.0023842575028538704
0.1354924589395523
0.2499549388885498
0.016058826819062233
0.10272032022476196
0.1927613765001297
0.00792248547077179
0.13108231127262115
0.0032273412216454744
0.0014870073646306992
0.02796253003180027
0.029919447377324104
0.22090326249599457
0.20543721318244934
0.0005368529236875474
0.002951716771349311
0.04290200397372246
0.006314028054475784
0.07067490369081497
0.0004251840873621404
0.06714949011802673
0.0005748657858930528
0.0640011578798294
0.10870389640331268
0.12176467478275299
0.030064016580581665
0.07725100219249725
0.07727476209402084
0.33010709285736084
0.062155213207006454
0.08469972759485245
0.035010095685720444
0.0018279202049598098
0.015950780361890793
0.04069462791085243
0.00624195346608758
0.12390217930078506
0.04071851819753647
0.0015909936046227813
0.0012478682911023498
0.0011981235584244132
0.005550222471356392
0.09424744546413422
0.0004349722003098577
0.000536407227627933
0.01981249265372753
0.0033114184625446796
0.10353393852710724
0.1577446162700653
0.05348970741033554
0.09668650478124619
0.009264827705919743
0.05128931626677513
0.03056417405605316
0.03979187831282616
0.036077626049518585
0.008602606132626534
0.051526643335819244
0.033432748168706894
0.4961257576942444
0.007449626456946135
0.003343527903780341
0.018880054354667664
0.009311577305197716
0.0328233540058136
0.017117192968726158
0.0005230339011177421
0.2907795011997223
0.12900033593177795
0.780910313129425
0.0018871375359594822
0.0016866048099473119
0.002001546323299408
0.000592003227211535
0.0007663111900910735
0.001196444034576416
0.0003040734736714512
0.0014166284818202257
0.2383873164653778
0.32068005204200745
0.022626686841249466
0.007270617876201868
0.08606276661157608
0.26067742705345154
0.3418619930744171
0.0008631221135146916
0.001044098986312747
0.0036898639518767595
0.00042398733785375953
0.005387640092521906
0.0033878993708640337
0.0015840725973248482
0.0037592186126857996
1.1844719648361206
0.4617636203765869
1.8528249263763428
0.8264041543006897
5.185507297515869
3.5177478790283203
1.6154316663742065
0.7915946245193481
0.7214887738227844
1.5872666835784912
0.733367383480072
1.792363166809082
0.3547157645225525
0.18727082014083862
0.3267954885959625
0.6482954621315002
0.664832353591919
0.41627082228660583
0.2477618157863617
0.4592233896255493
0.17739233374595642
0.08860984444618225
0.32857415080070496
0.32190465927124023
0.23409846425056458
0.3562995195388794
0.08007842302322388
0.2931285500526428
0.26316797733306885
0.6392200589179993
0.11666715145111084
0.1864708811044693
0.07986427843570709
0.08943702280521393
0.5542392730712891
0.14778372645378113
0.3979898691177368
0.15094448626041412
0.11679984629154205
0.6423077583312988
0.5276075601577759
0.11872319132089615
0.1702042669057846
0.30706873536109924
0.06682033836841583
0.0907282754778862
0.0927426889538765
0.15046557784080505
0.7415083050727844
0.18036775290966034
0.08161013573408127
0.15507985651493073
0.1930684745311737
0.04699144884943962
0.28616294264793396
0.10432426631450653
0.09471643716096878
0.36095088720321655
0.3079797625541687
0.3707081973552704
0.0813065692782402
0.009838825091719627
0.24901916086673737
0.027113500982522964
0.054560378193855286
0.07179658859968185
0.22185561060905457
0.17322178184986115
0.18897415697574615
0.011364636942744255
0.027515679597854614
0.13462531566619873
0.1301828771829605
0.27490004897117615
0.017054934054613113
0.2388830929994583
0.14198242127895355
0.08540168404579163
0.08184569329023361
0.10309239476919174
0.04224632307887077
0.15718038380146027
0.02345058135688305
0.07024390995502472
0.05307468771934509
0.04981987550854683
0.18451015651226044
0.01216697134077549
0.10362180322408676
0.016832716763019562
0.08660370111465454
0.13039694726467133
0.06243649125099182
0.03806649148464203
0.0026855862233787775
0.18526208400726318
0.03160969540476799
0.20353837311267853
0.00963377021253109
0.025464361533522606
0.8048989176750183
1.4332764148712158
0.8387179970741272
0.08459927886724472
0.2829621434211731
0.975560188293457
1.0690948963165283
1.0123201608657837
0.23801499605178833
0.3254735767841339
0.586907148361206
0.3614768385887146
0.7334957718849182
0.03908262774348259
0.0758180022239685
0.24619008600711823
0.7018471956253052
0.19863924384117126
0.40682414174079895
0.05413568764925003
0.24651843309402466
0.3104856610298157
0.14280271530151367
0.23670026659965515
0.17039969563484192
0.18567200005054474
0.10885663330554962
0.127751424908638
0.13858333230018616
0.12209000438451767
0.07595498114824295
0.052187345921993256
0.18374782800674438
0.18746790289878845
0.13134874403476715
0.15088795125484467
0.11607592552900314
0.19929002225399017
0.03182044252753258
0.10092627257108688
0.30392587184906006
0.09313412010669708
0.05689069256186485
0.09012814611196518
0.042196907103061676
0.056670062243938446
0.0717015415430069
0.13163305819034576
0.08768033236265182
0.044276684522628784
0.12640821933746338
0.056944288313388824
0.09007487446069717
0.04870745539665222
0.034336574375629425
0.07772005349397659
0.13742075860500336
0.055942729115486145
0.10731802880764008
0.019991498440504074
0.05937618762254715
0.08549633622169495
0.023914361372590065
0.017970100045204163
0.04356776922941208
0.1952647864818573
0.01776411384344101
0.04808730259537697
0.05527886375784874
0.06883248686790466
0.08736240863800049
0.12737387418746948
0.033716343343257904
0.05838760733604431
0.017949536442756653
0.017831798642873764
0.025490954518318176
0.14731377363204956
0.025373024865984917
0.023965567350387573
0.04293959215283394
0.010585637763142586
0.03832000866532326
0.0587892159819603
0.022074541077017784
0.017270689830183983
0.09464619308710098
0.0258171409368515
0.019101982936263084
0.015352700836956501
0.03548126667737961
0.11531778424978256
0.004121033940464258
0.05941469594836235
0.02061391994357109
0.07787822186946869
0.03659097105264664
0.022601060569286346
0.045906491577625275
0.015929484739899635
0.587756335735321
0.9346728324890137
0.9715958833694458
0.23999415338039398
1.0978177785873413
0.3190949857234955
0.3734802007675171
0.08926263451576233
0.1319384127855301
0.07418319582939148
0.08859062939882278
0.029512297362089157
0.22130659222602844
0.10219290107488632
0.06675980240106583
0.0817229300737381
0.04514329135417938
0.07163441926240921
0.04661191627383232
0.12434346973896027
0.020960940048098564
0.013153170235455036
0.05055522546172142
0.040537912398576736
0.09436223655939102
0.025150295346975327
0.020607195794582367
0.025562867522239685
0.0194527730345726
0.01830253191292286
0.006251749582588673
0.0031695947982370853
0.00835438072681427
0.010263076052069664
0.0327257476747036
0.0014473412884399295
0.01761368103325367
0.05913710966706276
0.004759619943797588
0.16619277000427246
0.00594811188057065
0.042540498077869415
0.004017611034214497
0.0008431299938820302
0.009697312489151955
0.0067953625693917274
0.029017241671681404
0.010961651802062988
0.019968146458268166
0.02661585435271263
0.015410239808261395
0.0015909754438325763
0.007609042804688215
0.02341846190392971
0.05499668046832085
0.006613028235733509
0.0015350134344771504
0.0024239090271294117
0.002115166513249278
0.010652998462319374
0.0019667125307023525
0.0026513796765357256
0.0013408079976215959
0.0018524009501561522
0.02908516488969326
0.00435761408880353
0.0035834156442433596
0.03608398139476776
0.003082053503021598
0.0016382756875827909
0.004416236188262701
0.0002882357221096754
0.03197591006755829
0.02289511077105999
0.0021093650721013546
0.0018135731806978583
0.008065014146268368
0.0017776564927771688
0.011772111058235168
0.1328170746564865
0.0042543536983430386
0.002470225328579545
0.0040711951442062855
0.00063781050266698
0.0034520579501986504
0.05312073603272438
0.007429301273077726
0.0005192382377572358
0.07198456674814224
0.0027630676049739122
0.024700628593564034
0.002990169683471322
0.004616494756191969
0.009613197296857834
0.020362038165330887
0.07531668245792389
0.0039051794447004795
0.00037652114406228065
0.009067423641681671
0.01067801471799612
0.27693435549736023
0.7253322005271912
1.569997787475586
0.9568234086036682
0.19933255016803741
0.7617603540420532
0.5130312442779541
0.18579475581645966
0.4758601784706116
0.1739731729030609
0.20578555762767792
0.16113166511058807
0.08856970071792603
0.03337002545595169
1.3313850164413452
0.13378065824508667
0.37952739000320435
0.10611289739608765
0.18187300860881805
0.15463301539421082
0.09680479764938354
0.09227938950061798
0.2169087678194046
0.2689690887928009
0.11412155628204346
0.22486746311187744
0.2462143748998642
0.07962331175804138
0.4308082163333893
0.0396258570253849
0.11558394879102707
0.2554583251476288
0.01867632009088993
0.007662429474294186
0.06623657047748566
0.25260642170906067
0.006562317721545696
0.00635127117857337
0.013818854466080666
0.09853838384151459
0.07395447790622711
0.0675177201628685
0.04004664719104767
0.15227435529232025
0.2400026172399521
0.04734332486987114
0.004908240865916014
0.0046449704095721245
0.05667393282055855
0.0993432104587555
0.00271897972561419
0.050089191645383835
0.044093284755945206
0.0828145295381546
0.0043092346750199795
0.0026811358984559774
0.05284997820854187
0.0370379202067852
0.011838946491479874
0.00952427089214325
0.023667367175221443
0.03355494514107704
0.00614952715113759
0.00038140531978569925
0.0005724722286686301
0.002168768085539341
0.034353554248809814
0.017204632982611656
0.01650167442858219
0.01030830480158329
0.12412016093730927
0.015635719522833824
0.07602880150079727
0.01243488397449255
0.0021189157851040363
0.00877667311578989
0.05808167904615402
0.013203999027609825
0.022510075941681862
0.014421189203858376
0.1440606564283371
0.014983334578573704
0.007195902522653341
0.013595257885754108
0.018401820212602615
0.0019986131228506565
0.030452996492385864
0.008751085959374905
0.05232185125350952
0.0012716874480247498
0.019677940756082535
0.04937034100294113
0.040114209055900574
0.03635931760072708
0.011593869887292385
0.023255005478858948
0.00848144106566906
0.019660411402583122
0.0025913880672305822
0.0103958360850811
0.26745399832725525
1.547113299369812
1.4218926429748535
1.6400115489959717
0.3904576599597931
0.38868096470832825
0.45125502347946167
0.1978616863489151
0.39102527499198914
0.11556321382522583
0.20326192677021027
0.36602553725242615
0.18021437525749207
0.24675150215625763
0.11488068103790283
0.43678346276283264
0.9846869707107544
0.10422380268573761
0.2059098482131958
0.10414005815982819
0.2848875820636749
0.05993533879518509
0.10818169265985489
0.0899759903550148
0.03492507338523865
0.1678686887025833
0.07524684816598892
0.05592997744679451
0.2948634624481201
0.054452020674943924
0.17946727573871613
0.09957235306501389
0.07016065716743469
0.04525579884648323
0.08465895801782608
0.14175006747245789
0.20484642684459686
0.0764787420630455
0.15805283188819885
0.07608895003795624
0.07083359360694885
0.043227486312389374
0.08416835963726044
0.1135687455534935
0.01586182415485382
0.09557070583105087
0.12935201823711395
0.101350799202919
0.16597023606300354
0.11883974820375443
0.04360732063651085
0.05324863642454147
0.015993565320968628
0.018596109002828598
0.042872339487075806
0.03898148983716965
0.08033237606287003
0.15075209736824036
0.07027488946914673
0.04373939707875252
0.005998564884066582
0.01678972877562046
0.03137071430683136
0.006883408408612013
0.02469271793961525
0.004514572210609913
0.030108580365777016
0.009113892912864685
0.03236866742372513
0.015174083411693573
0.0654493197798729
0.013369204476475716
0.04116673395037651
0.03562098741531372
0.013884542509913445
0.02551407739520073
0.06381738185882568
0.032067202031612396
0.040851399302482605
0.043573807924985886
0.1234184205532074
0.14854657649993896
0.0307454876601696
0.014285794459283352
0.012113078497350216
0.06625217199325562
0.03855689987540245
0.016051409766077995
0.008435463532805443
0.0404050275683403
0.012033071368932724
0.1202542707324028
0.033789023756980896
0.015514985658228397
0.04967562109231949
0.0035777022130787373
0.010020730085670948
0.0688185840845108
0.008464295417070389
0.036429114639759064
0.7482839226722717
0.25297239422798157
0.3439156711101532
0.09857841581106186
0.197078675031662
0.5251803398132324
0.4985590875148773
0.22432257235050201
0.1502666175365448
0.04925629124045372
0.04489721730351448
0.11489652842283249
0.04659043997526169
0.18070101737976074
0.11587591469287872
0.19526779651641846
0.10416575521230698
0.20869210362434387
0.15656574070453644
0.15315832197666168
0.06976263970136642
0.0942344143986702
0.0907294824719429
0.026972243562340736
0.038985852152109146
0.024198120459914207
0.10038471966981888
0.038975220173597336
0.054508522152900696
0.01680641807615757
0.05998605117201805
0.022226635366678238
0.02723117731511593
0.008510964922606945
0.03289942815899849
0.0675567239522934
0.131171315908432
0.019360121339559555
0.015976157039403915
0.09150354564189911
0.0717063844203949
0.0006591685814782977
0.0007657561800442636
0.007935072295367718
0.0022878842428326607
0.006950192153453827
0.07725178450345993
0.031236186623573303
0.003053420688956976
0.009601681493222713
0.005648212041705847
0.2636089622974396
0.014127357862889767
0.012385733425617218
0.03214249759912491
0.007435389328747988
0.030641939491033554
0.008360711857676506
0.001459960243664682
0.027195027098059654
0.028678104281425476
0.024811388924717903
0.0012030145153403282
0.004283899441361427
0.0400761142373085
0.044007230550050735
0.011788476258516312
0.024639178067445755
0.01841394416987896
0.05316270515322685
0.008210426196455956
0.006178285926580429
0.017024097964167595
0.0076361908577382565
0.02658112905919552
0.02033538743853569
0.00038240416324697435
0.0409017838537693
0.0025250448379665613
0.026876503601670265
0.037396129220724106
0.0010308179771527648
0.0015577822923660278
0.0012706560082733631
0.0008318242616951466
0.014882436022162437
0.013770794495940208
0.003115268424153328
0.04208866134285927
0.04734460264444351
0.002035781741142273
0.03901618346571922
0.00022021483164280653
0.013721711002290249
0.021534360945224762
0.0016812728717923164
0.002281723078340292
0.00035383194335736334
0.00759023567661643
0.02527594193816185
